4.000000000000000222e-01 9.174999999999974420e+01
4.099999999999999756e-01 9.272999999999970555e+01
4.199999999999999845e-01 9.298999999999971067e+01
4.299999999999999933e-01 8.681999999999997897e+01
4.400000000000000022e-01 8.918999999999984141e+01
4.500000000000000111e-01 9.054999999999967031e+01
4.600000000000000200e-01 8.967999999999982208e+01
4.699999999999999734e-01 8.862999999999978229e+01
4.799999999999999822e-01 8.833999999999981867e+01
4.899999999999999911e-01 9.277999999999964587e+01
5.000000000000000000e-01 9.545999999999969532e+01
5.100000000000000089e-01 9.064999999999970726e+01
5.200000000000000178e-01 9.033999999999969077e+01
5.300000000000000266e-01 9.508999999999967656e+01
5.400000000000000355e-01 8.117999999999997840e+01
5.500000000000000444e-01 9.500999999999969248e+01
5.600000000000000533e-01 9.298999999999965382e+01
5.699999999999999512e-01 8.454999999999995453e+01
5.799999999999999600e-01 9.041999999999974591e+01
5.899999999999999689e-01 8.921999999999981412e+01
5.999999999999999778e-01 8.841999999999991644e+01
6.099999999999999867e-01 9.164999999999977831e+01
6.199999999999999956e-01 9.127999999999970271e+01
6.300000000000000044e-01 9.477999999999960323e+01
6.400000000000000133e-01 8.435000000000006537e+01
6.500000000000000222e-01 8.099000000000002331e+01
6.600000000000000311e-01 9.584999999999966747e+01
6.700000000000000400e-01 9.394999999999967599e+01
6.800000000000000488e-01 9.060999999999991417e+01
6.899999999999999467e-01 9.376999999999964075e+01
6.999999999999999556e-01 8.624000000000006594e+01
7.099999999999999645e-01 8.562999999999992440e+01
7.199999999999999734e-01 8.904999999999972715e+01
7.299999999999999822e-01 9.457999999999961460e+01
7.399999999999999911e-01 8.937999999999973966e+01
7.500000000000000000e-01 9.160999999999971521e+01
7.600000000000000089e-01 9.108999999999964814e+01
7.700000000000000178e-01 9.432999999999968566e+01
7.800000000000000266e-01 8.975999999999970669e+01
7.900000000000000355e-01 9.016999999999961801e+01
8.000000000000000444e-01 9.310999999999964416e+01
8.100000000000000533e-01 9.046999999999972886e+01
8.199999999999999512e-01 9.384999999999969589e+01
8.299999999999999600e-01 8.933999999999986130e+01
8.399999999999999689e-01 9.340999999999974079e+01
8.499999999999999778e-01 8.933999999999980446e+01
8.599999999999999867e-01 9.061999999999972033e+01
8.699999999999999956e-01 9.274999999999972999e+01
8.800000000000000044e-01 9.109999999999975273e+01
8.900000000000000133e-01 9.144999999999974705e+01
9.000000000000000222e-01 9.055999999999973227e+01
9.100000000000000311e-01 8.726999999999995339e+01
9.300000000000000488e-01 8.332000000000006423e+01
9.499999999999999556e-01 9.715999999999971237e+01
9.899999999999999911e-01 9.332999999999958618e+01
